Centre Freq: 1000050000.0 Hz
Span: 1999900000.0 Hz
Res BW: 2e6 Hz
Ref Level: -30 dBm
Attenuation: 0 dB
Averaging: 1 times
Max Hold: 10 seconds
    
    

1.000000000000000000e+05,-2.833999999999999986e+01
2.103333333333333023e+06,-2.833999999999999986e+01
4.106666666666666511e+06,-3.300000000000000000e+01
6.110000000000000000e+06,-5.700000000000000000e+01
8.113333333333333023e+06,-7.800000000000000000e+01
1.011666666666666605e+07,-7.782999999999999829e+01
1.212000000000000000e+07,-7.582999999999999829e+01
1.412333333333333209e+07,-7.715999999999999659e+01
1.612666666666666605e+07,-7.732999999999999829e+01
1.813000000000000000e+07,-7.800000000000000000e+01
2.013333333333333209e+07,-7.932999999999999829e+01
2.213666666666666418e+07,-7.900000000000000000e+01
2.414000000000000000e+07,-7.650000000000000000e+01
2.614333333333333209e+07,-7.700000000000000000e+01
2.814666666666666418e+07,-7.832999999999999829e+01
3.015000000000000000e+07,-7.700000000000000000e+01
3.215333333333333209e+07,-7.715999999999999659e+01
3.415666666666666418e+07,-7.815999999999999659e+01
3.616000000000000000e+07,-7.350000000000000000e+01
3.816333333333332837e+07,-7.350000000000000000e+01
4.016666666666666418e+07,-7.500000000000000000e+01
4.217000000000000000e+07,-7.650000000000000000e+01
4.417333333333332837e+07,-7.832999999999999829e+01
4.617666666666666418e+07,-7.865999999999999659e+01
4.818000000000000000e+07,-7.750000000000000000e+01
5.018333333333332837e+07,-7.865999999999999659e+01
5.218666666666666418e+07,-7.715999999999999659e+01
5.419000000000000000e+07,-7.850000000000000000e+01
5.619333333333332837e+07,-7.800000000000000000e+01
5.819666666666666418e+07,-7.682999999999999829e+01
6.020000000000000000e+07,-7.732999999999999829e+01
6.220333333333332837e+07,-7.882999999999999829e+01
6.420666666666666418e+07,-7.615999999999999659e+01
6.621000000000000000e+07,-7.782999999999999829e+01
6.821333333333332837e+07,-7.800000000000000000e+01
7.021666666666665673e+07,-7.732999999999999829e+01
7.222000000000000000e+07,-7.500000000000000000e+01
7.422333333333332837e+07,-7.550000000000000000e+01
7.622666666666665673e+07,-7.700000000000000000e+01
7.823000000000000000e+07,-7.415999999999999659e+01
8.023333333333332837e+07,-7.582999999999999829e+01
8.223666666666665673e+07,-7.515999999999999659e+01
8.424000000000000000e+07,-7.382999999999999829e+01
8.624333333333332837e+07,-6.632999999999999829e+01
8.824666666666665673e+07,-5.115999999999999659e+01
9.025000000000000000e+07,-4.932999999999999829e+01
9.225333333333332837e+07,-5.032999999999999829e+01
9.425666666666665673e+07,-5.115999999999999659e+01
9.626000000000000000e+07,-5.232999999999999829e+01
9.826333333333332837e+07,-5.082999999999999829e+01
1.002666666666666567e+08,-5.032999999999999829e+01
1.022700000000000000e+08,-5.015999999999999659e+01
1.042733333333333284e+08,-4.932999999999999829e+01
1.062766666666666567e+08,-4.800000000000000000e+01
1.082800000000000000e+08,-4.865999999999999659e+01
1.102833333333333284e+08,-5.832999999999999829e+01
1.122866666666666567e+08,-7.232999999999999829e+01
1.142900000000000000e+08,-7.315999999999999659e+01
1.162933333333333284e+08,-7.300000000000000000e+01
1.182966666666666567e+08,-7.665999999999999659e+01
1.203000000000000000e+08,-7.700000000000000000e+01
1.223033333333333284e+08,-7.715999999999999659e+01
1.243066666666666567e+08,-7.700000000000000000e+01
1.263100000000000000e+08,-7.582999999999999829e+01
1.283133333333333284e+08,-7.800000000000000000e+01
1.303166666666666567e+08,-7.732999999999999829e+01
1.323200000000000000e+08,-7.750000000000000000e+01
1.343233333333333135e+08,-7.782999999999999829e+01
1.363266666666666567e+08,-7.665999999999999659e+01
1.383300000000000000e+08,-7.732999999999999829e+01
1.403333333333333135e+08,-7.765999999999999659e+01
1.423366666666666567e+08,-7.815999999999999659e+01
1.443400000000000000e+08,-7.700000000000000000e+01
1.463433333333333135e+08,-7.765999999999999659e+01
1.483466666666666567e+08,-7.900000000000000000e+01
1.503500000000000000e+08,-7.882999999999999829e+01
1.523533333333333135e+08,-7.750000000000000000e+01
1.543566666666666567e+08,-7.582999999999999829e+01
1.563600000000000000e+08,-7.365999999999999659e+01
1.583633333333333135e+08,-7.715999999999999659e+01
1.603666666666666567e+08,-7.665999999999999659e+01
1.623700000000000000e+08,-7.665999999999999659e+01
1.643733333333333135e+08,-7.850000000000000000e+01
1.663766666666666567e+08,-7.850000000000000000e+01
1.683800000000000000e+08,-7.932999999999999829e+01
1.703833333333333135e+08,-7.832999999999999829e+01
1.723866666666666567e+08,-7.715999999999999659e+01
1.743900000000000000e+08,-7.882999999999999829e+01
1.763933333333333135e+08,-7.832999999999999829e+01
1.783966666666666567e+08,-7.800000000000000000e+01
1.804000000000000000e+08,-7.715999999999999659e+01
1.824033333333333135e+08,-7.850000000000000000e+01
1.844066666666666567e+08,-7.365999999999999659e+01
1.864100000000000000e+08,-7.432999999999999829e+01
1.884133333333333135e+08,-7.700000000000000000e+01
1.904166666666666567e+08,-7.650000000000000000e+01
1.924200000000000000e+08,-7.800000000000000000e+01
1.944233333333333135e+08,-8.015999999999999659e+01
1.964266666666666567e+08,-7.815999999999999659e+01
1.984300000000000000e+08,-7.915999999999999659e+01
2.004333333333333135e+08,-7.815999999999999659e+01
2.024366666666666567e+08,-7.865999999999999659e+01
2.044400000000000000e+08,-7.950000000000000000e+01
2.064433333333333135e+08,-7.750000000000000000e+01
2.084466666666666567e+08,-7.165999999999999659e+01
2.104500000000000000e+08,-7.350000000000000000e+01
2.124533333333333135e+08,-7.882999999999999829e+01
2.144566666666666567e+08,-7.932999999999999829e+01
2.164600000000000000e+08,-8.065999999999999659e+01
2.184633333333333135e+08,-7.732999999999999829e+01
2.204666666666666567e+08,-7.815999999999999659e+01
2.224700000000000000e+08,-7.882999999999999829e+01
2.244733333333333135e+08,-7.815999999999999659e+01
2.264766666666666567e+08,-8.100000000000000000e+01
2.284800000000000000e+08,-7.900000000000000000e+01
2.304833333333333135e+08,-7.782999999999999829e+01
2.324866666666666567e+08,-7.682999999999999829e+01
2.344900000000000000e+08,-7.682999999999999829e+01
2.364933333333333135e+08,-7.950000000000000000e+01
2.384966666666666567e+08,-7.865999999999999659e+01
2.405000000000000000e+08,-7.782999999999999829e+01
2.425033333333333135e+08,-7.950000000000000000e+01
2.445066666666666567e+08,-7.815999999999999659e+01
2.465100000000000000e+08,-7.900000000000000000e+01
2.485133333333333135e+08,-7.950000000000000000e+01
2.505166666666666567e+08,-7.950000000000000000e+01
2.525200000000000000e+08,-7.765999999999999659e+01
2.545233333333333135e+08,-7.882999999999999829e+01
2.565266666666666567e+08,-7.965999999999999659e+01
2.585300000000000000e+08,-7.865999999999999659e+01
2.605333333333333135e+08,-7.850000000000000000e+01
2.625366666666666567e+08,-7.665999999999999659e+01
2.645400000000000000e+08,-7.950000000000000000e+01
2.665433333333333135e+08,-7.965999999999999659e+01
2.685466666666666269e+08,-7.900000000000000000e+01
2.705500000000000000e+08,-8.032999999999999829e+01
2.725533333333333135e+08,-7.882999999999999829e+01
2.745566666666666269e+08,-7.982999999999999829e+01
2.765600000000000000e+08,-8.000000000000000000e+01
2.785633333333333135e+08,-7.950000000000000000e+01
2.805666666666666269e+08,-7.732999999999999829e+01
2.825700000000000000e+08,-7.950000000000000000e+01
2.845733333333333135e+08,-7.932999999999999829e+01
2.865766666666666269e+08,-8.015999999999999659e+01
2.885800000000000000e+08,-7.750000000000000000e+01
2.905833333333333135e+08,-7.915999999999999659e+01
2.925866666666666269e+08,-7.765999999999999659e+01
2.945900000000000000e+08,-7.982999999999999829e+01
2.965933333333333135e+08,-7.700000000000000000e+01
2.985966666666666269e+08,-7.882999999999999829e+01
3.006000000000000000e+08,-7.965999999999999659e+01
3.026033333333333135e+08,-7.815999999999999659e+01
3.046066666666666269e+08,-8.032999999999999829e+01
3.066100000000000000e+08,-8.000000000000000000e+01
3.086133333333333135e+08,-7.900000000000000000e+01
3.106166666666666269e+08,-7.915999999999999659e+01
3.126200000000000000e+08,-7.900000000000000000e+01
3.146233333333333135e+08,-7.900000000000000000e+01
3.166266666666666269e+08,-7.882999999999999829e+01
3.186300000000000000e+08,-7.850000000000000000e+01
3.206333333333333135e+08,-8.015999999999999659e+01
3.226366666666666269e+08,-7.950000000000000000e+01
3.246400000000000000e+08,-7.900000000000000000e+01
3.266433333333333135e+08,-8.000000000000000000e+01
3.286466666666666269e+08,-7.882999999999999829e+01
3.306500000000000000e+08,-7.915999999999999659e+01
3.326533333333333135e+08,-7.815999999999999659e+01
3.346566666666666269e+08,-7.865999999999999659e+01
3.366600000000000000e+08,-7.900000000000000000e+01
3.386633333333333135e+08,-7.965999999999999659e+01
3.406666666666666269e+08,-7.900000000000000000e+01
3.426700000000000000e+08,-8.032999999999999829e+01
3.446733333333333135e+08,-7.915999999999999659e+01
3.466766666666666269e+08,-7.850000000000000000e+01
3.486800000000000000e+08,-7.965999999999999659e+01
3.506833333333333135e+08,-7.965999999999999659e+01
3.526866666666666269e+08,-7.950000000000000000e+01
3.546900000000000000e+08,-7.850000000000000000e+01
3.566933333333333135e+08,-7.932999999999999829e+01
3.586966666666666269e+08,-8.065999999999999659e+01
3.607000000000000000e+08,-7.782999999999999829e+01
3.627033333333333135e+08,-7.932999999999999829e+01
3.647066666666666269e+08,-7.750000000000000000e+01
3.667100000000000000e+08,-7.865999999999999659e+01
3.687133333333333135e+08,-7.950000000000000000e+01
3.707166666666666269e+08,-7.882999999999999829e+01
3.727200000000000000e+08,-7.850000000000000000e+01
3.747233333333333135e+08,-7.932999999999999829e+01
3.767266666666666269e+08,-7.965999999999999659e+01
3.787300000000000000e+08,-7.915999999999999659e+01
3.807333333333333135e+08,-7.815999999999999659e+01
3.827366666666666269e+08,-8.032999999999999829e+01
3.847400000000000000e+08,-7.965999999999999659e+01
3.867433333333333135e+08,-7.832999999999999829e+01
3.887466666666666269e+08,-8.050000000000000000e+01
3.907500000000000000e+08,-7.900000000000000000e+01
3.927533333333333135e+08,-7.915999999999999659e+01
3.947566666666666269e+08,-7.900000000000000000e+01
3.967600000000000000e+08,-7.832999999999999829e+01
3.987633333333333135e+08,-7.850000000000000000e+01
4.007666666666666269e+08,-7.765999999999999659e+01
4.027700000000000000e+08,-7.815999999999999659e+01
4.047733333333333135e+08,-7.950000000000000000e+01
4.067766666666666269e+08,-7.982999999999999829e+01
4.087800000000000000e+08,-7.932999999999999829e+01
4.107833333333333135e+08,-8.000000000000000000e+01
4.127866666666666269e+08,-7.932999999999999829e+01
4.147900000000000000e+08,-7.932999999999999829e+01
4.167933333333333135e+08,-7.865999999999999659e+01
4.187966666666666269e+08,-7.715999999999999659e+01
4.208000000000000000e+08,-7.115999999999999659e+01
4.228033333333333135e+08,-6.982999999999999829e+01
4.248066666666666269e+08,-6.932999999999999829e+01
4.268100000000000000e+08,-7.732999999999999829e+01
4.288133333333333135e+08,-7.865999999999999659e+01
4.308166666666666269e+08,-7.915999999999999659e+01
4.328200000000000000e+08,-7.965999999999999659e+01
4.348233333333333135e+08,-8.000000000000000000e+01
4.368266666666666269e+08,-7.800000000000000000e+01
4.388300000000000000e+08,-7.982999999999999829e+01
4.408333333333333135e+08,-7.832999999999999829e+01
4.428366666666666269e+08,-7.482999999999999829e+01
4.448400000000000000e+08,-7.050000000000000000e+01
4.468433333333333135e+08,-7.015999999999999659e+01
4.488466666666666269e+08,-7.682999999999999829e+01
4.508500000000000000e+08,-7.850000000000000000e+01
4.528533333333333135e+08,-8.032999999999999829e+01
4.548566666666666269e+08,-7.582999999999999829e+01
4.568600000000000000e+08,-7.415999999999999659e+01
4.588633333333333135e+08,-7.365999999999999659e+01
4.608666666666666269e+08,-7.982999999999999829e+01
4.628700000000000000e+08,-7.850000000000000000e+01
4.648733333333333135e+08,-7.765999999999999659e+01
4.668766666666666269e+08,-7.965999999999999659e+01
4.688800000000000000e+08,-7.850000000000000000e+01
4.708833333333333135e+08,-7.815999999999999659e+01
4.728866666666666269e+08,-7.882999999999999829e+01
4.748900000000000000e+08,-7.950000000000000000e+01
4.768933333333333135e+08,-7.882999999999999829e+01
4.788966666666666269e+08,-7.682999999999999829e+01
4.809000000000000000e+08,-7.565999999999999659e+01
4.829033333333333135e+08,-7.832999999999999829e+01
4.849066666666666269e+08,-7.665999999999999659e+01
4.869100000000000000e+08,-7.850000000000000000e+01
4.889133333333333135e+08,-7.882999999999999829e+01
4.909166666666666269e+08,-7.782999999999999829e+01
4.929200000000000000e+08,-7.882999999999999829e+01
4.949233333333333135e+08,-7.882999999999999829e+01
4.969266666666666269e+08,-7.950000000000000000e+01
4.989300000000000000e+08,-7.950000000000000000e+01
5.009333333333333135e+08,-7.850000000000000000e+01
5.029366666666666269e+08,-7.865999999999999659e+01
5.049400000000000000e+08,-7.965999999999999659e+01
5.069433333333333135e+08,-7.950000000000000000e+01
5.089466666666666269e+08,-7.900000000000000000e+01
5.109500000000000000e+08,-7.665999999999999659e+01
5.129533333333333135e+08,-7.800000000000000000e+01
5.149566666666666269e+08,-7.732999999999999829e+01
5.169600000000000000e+08,-7.765999999999999659e+01
5.189633333333333135e+08,-7.915999999999999659e+01
5.209666666666666269e+08,-7.765999999999999659e+01
5.229700000000000000e+08,-7.882999999999999829e+01
5.249733333333333135e+08,-7.132999999999999829e+01
5.269766666666666269e+08,-6.415999999999999659e+01
5.289800000000000000e+08,-5.782999999999999829e+01
5.309833333333333135e+08,-5.732999999999999829e+01
5.329866666666666269e+08,-5.532999999999999829e+01
5.349900000000000000e+08,-5.500000000000000000e+01
5.369933333333332539e+08,-6.550000000000000000e+01
5.389966666666666269e+08,-7.650000000000000000e+01
5.410000000000000000e+08,-7.815999999999999659e+01
5.430033333333332539e+08,-7.800000000000000000e+01
5.450066666666666269e+08,-7.850000000000000000e+01
5.470100000000000000e+08,-7.682999999999999829e+01
5.490133333333332539e+08,-7.900000000000000000e+01
5.510166666666666269e+08,-7.865999999999999659e+01
5.530200000000000000e+08,-7.850000000000000000e+01
5.550233333333332539e+08,-7.965999999999999659e+01
5.570266666666666269e+08,-7.915999999999999659e+01
5.590300000000000000e+08,-7.932999999999999829e+01
5.610333333333332539e+08,-7.800000000000000000e+01
5.630366666666666269e+08,-7.732999999999999829e+01
5.650400000000000000e+08,-7.950000000000000000e+01
5.670433333333332539e+08,-7.915999999999999659e+01
5.690466666666666269e+08,-7.915999999999999659e+01
5.710500000000000000e+08,-7.965999999999999659e+01
5.730533333333332539e+08,-7.850000000000000000e+01
5.750566666666666269e+08,-7.782999999999999829e+01
5.770600000000000000e+08,-7.965999999999999659e+01
5.790633333333332539e+08,-7.782999999999999829e+01
5.810666666666666269e+08,-7.950000000000000000e+01
5.830700000000000000e+08,-7.915999999999999659e+01
5.850733333333332539e+08,-7.882999999999999829e+01
5.870766666666666269e+08,-7.832999999999999829e+01
5.890800000000000000e+08,-7.800000000000000000e+01
5.910833333333332539e+08,-7.915999999999999659e+01
5.930866666666666269e+08,-8.015999999999999659e+01
5.950900000000000000e+08,-7.865999999999999659e+01
5.970933333333332539e+08,-7.832999999999999829e+01
5.990966666666666269e+08,-7.982999999999999829e+01
6.011000000000000000e+08,-7.715999999999999659e+01
6.031033333333332539e+08,-7.915999999999999659e+01
6.051066666666666269e+08,-7.132999999999999829e+01
6.071100000000000000e+08,-6.265999999999999659e+01
6.091133333333332539e+08,-5.982999999999999829e+01
6.111166666666666269e+08,-6.065999999999999659e+01
6.131200000000000000e+08,-6.300000000000000000e+01
6.151233333333332539e+08,-6.450000000000000000e+01
6.171266666666666269e+08,-6.932999999999999829e+01
6.191300000000000000e+08,-7.900000000000000000e+01
6.211333333333332539e+08,-7.915999999999999659e+01
6.231366666666666269e+08,-7.865999999999999659e+01
6.251400000000000000e+08,-7.750000000000000000e+01
6.271433333333332539e+08,-7.950000000000000000e+01
6.291466666666666269e+08,-7.765999999999999659e+01
6.311500000000000000e+08,-7.982999999999999829e+01
6.331533333333332539e+08,-7.632999999999999829e+01
6.351566666666666269e+08,-7.882999999999999829e+01
6.371600000000000000e+08,-7.800000000000000000e+01
6.391633333333332539e+08,-7.550000000000000000e+01
6.411666666666666269e+08,-7.500000000000000000e+01
6.431700000000000000e+08,-7.800000000000000000e+01
6.451733333333332539e+08,-7.800000000000000000e+01
6.471766666666666269e+08,-7.732999999999999829e+01
6.491800000000000000e+08,-7.850000000000000000e+01
6.511833333333332539e+08,-7.915999999999999659e+01
6.531866666666666269e+08,-7.950000000000000000e+01
6.551900000000000000e+08,-7.850000000000000000e+01
6.571933333333332539e+08,-7.915999999999999659e+01
6.591966666666666269e+08,-7.750000000000000000e+01
6.612000000000000000e+08,-7.915999999999999659e+01
6.632033333333332539e+08,-7.882999999999999829e+01
6.652066666666666269e+08,-7.815999999999999659e+01
6.672100000000000000e+08,-7.850000000000000000e+01
6.692133333333332539e+08,-7.882999999999999829e+01
6.712166666666666269e+08,-7.615999999999999659e+01
6.732200000000000000e+08,-7.282999999999999829e+01
6.752233333333332539e+08,-7.565999999999999659e+01
6.772266666666666269e+08,-8.000000000000000000e+01
6.792300000000000000e+08,-7.632999999999999829e+01
6.812333333333332539e+08,-7.800000000000000000e+01
6.832366666666666269e+08,-7.750000000000000000e+01
6.852400000000000000e+08,-7.965999999999999659e+01
6.872433333333332539e+08,-7.932999999999999829e+01
6.892466666666666269e+08,-7.950000000000000000e+01
6.912500000000000000e+08,-8.000000000000000000e+01
6.932533333333332539e+08,-7.832999999999999829e+01
6.952566666666666269e+08,-7.915999999999999659e+01
6.972600000000000000e+08,-7.900000000000000000e+01
6.992633333333332539e+08,-7.900000000000000000e+01
7.012666666666666269e+08,-6.850000000000000000e+01
7.032700000000000000e+08,-5.432999999999999829e+01
7.052733333333332539e+08,-5.232999999999999829e+01
7.072766666666666269e+08,-5.332999999999999829e+01
7.092800000000000000e+08,-5.550000000000000000e+01
7.112833333333332539e+08,-5.550000000000000000e+01
7.132866666666666269e+08,-6.250000000000000000e+01
7.152900000000000000e+08,-7.565999999999999659e+01
7.172933333333332539e+08,-7.865999999999999659e+01
7.192966666666666269e+08,-7.765999999999999659e+01
7.213000000000000000e+08,-7.915999999999999659e+01
7.233033333333332539e+08,-7.782999999999999829e+01
7.253066666666666269e+08,-7.965999999999999659e+01
7.273100000000000000e+08,-7.815999999999999659e+01
7.293133333333332539e+08,-7.950000000000000000e+01
7.313166666666666269e+08,-7.932999999999999829e+01
7.333200000000000000e+08,-7.882999999999999829e+01
7.353233333333332539e+08,-7.582999999999999829e+01
7.373266666666666269e+08,-7.232999999999999829e+01
7.393300000000000000e+08,-7.615999999999999659e+01
7.413333333333332539e+08,-7.800000000000000000e+01
7.433366666666666269e+08,-7.665999999999999659e+01
7.453400000000000000e+08,-7.900000000000000000e+01
7.473433333333332539e+08,-8.000000000000000000e+01
7.493466666666666269e+08,-7.765999999999999659e+01
7.513500000000000000e+08,-7.915999999999999659e+01
7.533533333333332539e+08,-7.682999999999999829e+01
7.553566666666666269e+08,-8.000000000000000000e+01
7.573600000000000000e+08,-8.000000000000000000e+01
7.593633333333332539e+08,-7.950000000000000000e+01
7.613666666666666269e+08,-7.865999999999999659e+01
7.633700000000000000e+08,-7.915999999999999659e+01
7.653733333333332539e+08,-7.715999999999999659e+01
7.673766666666666269e+08,-6.582999999999999829e+01
7.693800000000000000e+08,-6.315999999999999659e+01
7.713833333333332539e+08,-6.800000000000000000e+01
7.733866666666666269e+08,-7.082999999999999829e+01
7.753900000000000000e+08,-6.965999999999999659e+01
7.773933333333332539e+08,-7.300000000000000000e+01
7.793966666666666269e+08,-7.915999999999999659e+01
7.814000000000000000e+08,-7.982999999999999829e+01
7.834033333333332539e+08,-7.982999999999999829e+01
7.854066666666666269e+08,-7.900000000000000000e+01
7.874100000000000000e+08,-7.900000000000000000e+01
7.894133333333332539e+08,-7.900000000000000000e+01
7.914166666666666269e+08,-7.882999999999999829e+01
7.934200000000000000e+08,-7.732999999999999829e+01
7.954233333333332539e+08,-7.965999999999999659e+01
7.974266666666666269e+08,-7.532999999999999829e+01
7.994300000000000000e+08,-6.150000000000000000e+01
8.014333333333332539e+08,-5.565999999999999659e+01
8.034366666666666269e+08,-6.582999999999999829e+01
8.054400000000000000e+08,-7.232999999999999829e+01
8.074433333333332539e+08,-7.215999999999999659e+01
8.094466666666666269e+08,-7.515999999999999659e+01
8.114500000000000000e+08,-7.865999999999999659e+01
8.134533333333332539e+08,-7.882999999999999829e+01
8.154566666666666269e+08,-7.982999999999999829e+01
8.174600000000000000e+08,-7.865999999999999659e+01
8.194633333333332539e+08,-7.900000000000000000e+01
8.214666666666666269e+08,-8.015999999999999659e+01
8.234700000000000000e+08,-7.815999999999999659e+01
8.254733333333332539e+08,-7.565999999999999659e+01
8.274766666666666269e+08,-7.915999999999999659e+01
8.294800000000000000e+08,-7.900000000000000000e+01
8.314833333333332539e+08,-7.900000000000000000e+01
8.334866666666666269e+08,-7.850000000000000000e+01
8.354900000000000000e+08,-7.850000000000000000e+01
8.374933333333332539e+08,-7.815999999999999659e+01
8.394966666666666269e+08,-6.800000000000000000e+01
8.415000000000000000e+08,-6.482999999999999829e+01
8.435033333333332539e+08,-7.132999999999999829e+01
8.455066666666666269e+08,-7.615999999999999659e+01
8.475100000000000000e+08,-7.565999999999999659e+01
8.495133333333332539e+08,-7.900000000000000000e+01
8.515166666666666269e+08,-7.932999999999999829e+01
8.535200000000000000e+08,-7.732999999999999829e+01
8.555233333333332539e+08,-8.000000000000000000e+01
8.575266666666666269e+08,-7.765999999999999659e+01
8.595300000000000000e+08,-7.965999999999999659e+01
8.615333333333332539e+08,-7.850000000000000000e+01
8.635366666666666269e+08,-7.982999999999999829e+01
8.655400000000000000e+08,-7.865999999999999659e+01
8.675433333333332539e+08,-7.832999999999999829e+01
8.695466666666666269e+08,-7.982999999999999829e+01
8.715500000000000000e+08,-7.882999999999999829e+01
8.735533333333332539e+08,-6.882999999999999829e+01
8.755566666666666269e+08,-6.415999999999999659e+01
8.775600000000000000e+08,-6.550000000000000000e+01
8.795633333333332539e+08,-7.232999999999999829e+01
8.815666666666666269e+08,-7.750000000000000000e+01
8.835700000000000000e+08,-7.800000000000000000e+01
8.855733333333332539e+08,-7.865999999999999659e+01
8.875766666666666269e+08,-7.850000000000000000e+01
8.895800000000000000e+08,-8.000000000000000000e+01
8.915833333333332539e+08,-7.982999999999999829e+01
8.935866666666666269e+08,-7.915999999999999659e+01
8.955900000000000000e+08,-7.850000000000000000e+01
8.975933333333332539e+08,-7.832999999999999829e+01
8.995966666666666269e+08,-7.865999999999999659e+01
9.016000000000000000e+08,-7.800000000000000000e+01
9.036033333333332539e+08,-8.015999999999999659e+01
9.056066666666666269e+08,-7.750000000000000000e+01
9.076100000000000000e+08,-7.832999999999999829e+01
9.096133333333332539e+08,-7.915999999999999659e+01
9.116166666666666269e+08,-7.982999999999999829e+01
9.136200000000000000e+08,-7.950000000000000000e+01
9.156233333333332539e+08,-7.865999999999999659e+01
9.176266666666666269e+08,-7.950000000000000000e+01
9.196300000000000000e+08,-7.850000000000000000e+01
9.216333333333332539e+08,-7.300000000000000000e+01
9.236366666666666269e+08,-7.032999999999999829e+01
9.256400000000000000e+08,-6.200000000000000000e+01
9.276433333333332539e+08,-5.200000000000000000e+01
9.296466666666666269e+08,-5.115999999999999659e+01
9.316500000000000000e+08,-5.465999999999999659e+01
9.336533333333332539e+08,-5.400000000000000000e+01
9.356566666666666269e+08,-5.565999999999999659e+01
9.376600000000000000e+08,-5.665999999999999659e+01
9.396633333333332539e+08,-5.815999999999999659e+01
9.416666666666666269e+08,-5.550000000000000000e+01
9.436700000000000000e+08,-5.632999999999999829e+01
9.456733333333332539e+08,-5.382999999999999829e+01
9.476766666666666269e+08,-5.682999999999999829e+01
9.496800000000000000e+08,-5.365999999999999659e+01
9.516833333333332539e+08,-5.482999999999999829e+01
9.536866666666666269e+08,-5.482999999999999829e+01
9.556900000000000000e+08,-5.165999999999999659e+01
9.576933333333332539e+08,-5.450000000000000000e+01
9.596966666666666269e+08,-5.382999999999999829e+01
9.617000000000000000e+08,-5.800000000000000000e+01
9.637033333333332539e+08,-6.650000000000000000e+01
9.657066666666666269e+08,-7.882999999999999829e+01
9.677100000000000000e+08,-8.032999999999999829e+01
9.697133333333332539e+08,-7.882999999999999829e+01
9.717166666666666269e+08,-7.965999999999999659e+01
9.737200000000000000e+08,-7.932999999999999829e+01
9.757233333333332539e+08,-7.832999999999999829e+01
9.777266666666666269e+08,-7.782999999999999829e+01
9.797300000000000000e+08,-7.900000000000000000e+01
9.817333333333332539e+08,-8.050000000000000000e+01
9.837366666666666269e+08,-7.765999999999999659e+01
9.857400000000000000e+08,-7.982999999999999829e+01
9.877433333333332539e+08,-7.982999999999999829e+01
9.897466666666666269e+08,-7.932999999999999829e+01
9.917500000000000000e+08,-7.950000000000000000e+01
9.937533333333332539e+08,-7.915999999999999659e+01
9.957566666666666269e+08,-7.782999999999999829e+01
9.977600000000000000e+08,-7.915999999999999659e+01
9.997633333333332539e+08,-7.665999999999999659e+01
1.001766666666666627e+09,-7.915999999999999659e+01
1.003770000000000000e+09,-7.765999999999999659e+01
1.005773333333333254e+09,-7.982999999999999829e+01
1.007776666666666627e+09,-7.700000000000000000e+01
1.009780000000000000e+09,-7.915999999999999659e+01
1.011783333333333254e+09,-7.915999999999999659e+01
1.013786666666666627e+09,-7.982999999999999829e+01
1.015790000000000000e+09,-7.950000000000000000e+01
1.017793333333333254e+09,-7.832999999999999829e+01
1.019796666666666627e+09,-7.850000000000000000e+01
1.021800000000000000e+09,-7.882999999999999829e+01
1.023803333333333254e+09,-7.832999999999999829e+01
1.025806666666666627e+09,-7.882999999999999829e+01
1.027810000000000000e+09,-7.782999999999999829e+01
1.029813333333333254e+09,-7.865999999999999659e+01
1.031816666666666627e+09,-7.900000000000000000e+01
1.033820000000000000e+09,-7.915999999999999659e+01
1.035823333333333254e+09,-7.915999999999999659e+01
1.037826666666666627e+09,-7.965999999999999659e+01
1.039830000000000000e+09,-7.950000000000000000e+01
1.041833333333333254e+09,-7.800000000000000000e+01
1.043836666666666627e+09,-7.915999999999999659e+01
1.045840000000000000e+09,-7.865999999999999659e+01
1.047843333333333254e+09,-7.850000000000000000e+01
1.049846666666666627e+09,-8.000000000000000000e+01
1.051850000000000000e+09,-7.982999999999999829e+01
1.053853333333333254e+09,-7.865999999999999659e+01
1.055856666666666627e+09,-8.015999999999999659e+01
1.057860000000000000e+09,-7.800000000000000000e+01
1.059863333333333254e+09,-7.800000000000000000e+01
1.061866666666666627e+09,-7.882999999999999829e+01
1.063870000000000000e+09,-7.915999999999999659e+01
1.065873333333333254e+09,-7.982999999999999829e+01
1.067876666666666627e+09,-7.965999999999999659e+01
1.069880000000000000e+09,-7.965999999999999659e+01
1.071883333333333254e+09,-7.900000000000000000e+01
1.073886666666666508e+09,-7.965999999999999659e+01
1.075890000000000000e+09,-7.832999999999999829e+01
1.077893333333333254e+09,-7.815999999999999659e+01
1.079896666666666508e+09,-7.800000000000000000e+01
1.081900000000000000e+09,-7.832999999999999829e+01
1.083903333333333254e+09,-7.815999999999999659e+01
1.085906666666666508e+09,-7.950000000000000000e+01
1.087910000000000000e+09,-7.700000000000000000e+01
1.089913333333333254e+09,-7.950000000000000000e+01
1.091916666666666508e+09,-7.882999999999999829e+01
1.093920000000000000e+09,-7.965999999999999659e+01
1.095923333333333254e+09,-7.950000000000000000e+01
1.097926666666666508e+09,-7.565999999999999659e+01
1.099930000000000000e+09,-8.050000000000000000e+01
1.101933333333333254e+09,-7.832999999999999829e+01
1.103936666666666508e+09,-7.765999999999999659e+01
1.105940000000000000e+09,-7.832999999999999829e+01
1.107943333333333254e+09,-7.882999999999999829e+01
1.109946666666666508e+09,-7.950000000000000000e+01
1.111950000000000000e+09,-7.865999999999999659e+01
1.113953333333333254e+09,-7.850000000000000000e+01
1.115956666666666508e+09,-7.882999999999999829e+01
1.117960000000000000e+09,-7.815999999999999659e+01
1.119963333333333254e+09,-7.965999999999999659e+01
1.121966666666666508e+09,-8.015999999999999659e+01
1.123970000000000000e+09,-7.832999999999999829e+01
1.125973333333333254e+09,-7.865999999999999659e+01
1.127976666666666508e+09,-7.865999999999999659e+01
1.129980000000000000e+09,-7.865999999999999659e+01
1.131983333333333254e+09,-7.950000000000000000e+01
1.133986666666666508e+09,-7.850000000000000000e+01
1.135990000000000000e+09,-8.015999999999999659e+01
1.137993333333333254e+09,-7.882999999999999829e+01
1.139996666666666508e+09,-7.950000000000000000e+01
1.142000000000000000e+09,-7.932999999999999829e+01
1.144003333333333254e+09,-7.865999999999999659e+01
1.146006666666666508e+09,-7.882999999999999829e+01
1.148010000000000000e+09,-7.882999999999999829e+01
1.150013333333333254e+09,-7.900000000000000000e+01
1.152016666666666508e+09,-7.765999999999999659e+01
1.154020000000000000e+09,-7.882999999999999829e+01
1.156023333333333254e+09,-7.715999999999999659e+01
1.158026666666666508e+09,-7.882999999999999829e+01
1.160030000000000000e+09,-7.965999999999999659e+01
1.162033333333333254e+09,-7.800000000000000000e+01
1.164036666666666508e+09,-7.915999999999999659e+01
1.166040000000000000e+09,-7.982999999999999829e+01
1.168043333333333254e+09,-7.900000000000000000e+01
1.170046666666666508e+09,-7.832999999999999829e+01
1.172050000000000000e+09,-7.965999999999999659e+01
1.174053333333333254e+09,-7.800000000000000000e+01
1.176056666666666508e+09,-7.950000000000000000e+01
1.178060000000000000e+09,-7.850000000000000000e+01
1.180063333333333254e+09,-7.965999999999999659e+01
1.182066666666666508e+09,-7.832999999999999829e+01
1.184070000000000000e+09,-7.915999999999999659e+01
1.186073333333333254e+09,-7.915999999999999659e+01
1.188076666666666508e+09,-7.982999999999999829e+01
1.190080000000000000e+09,-8.050000000000000000e+01
1.192083333333333254e+09,-7.682999999999999829e+01
1.194086666666666508e+09,-7.815999999999999659e+01
1.196090000000000000e+09,-7.915999999999999659e+01
1.198093333333333254e+09,-7.982999999999999829e+01
1.200096666666666508e+09,-7.950000000000000000e+01
1.202100000000000000e+09,-7.865999999999999659e+01
1.204100000000000000e+09,-7.750000000000000000e+01
1.205426500000000000e+09,-7.965999999999999659e+01
1.206753000000000000e+09,-8.050000000000000000e+01
1.208079500000000000e+09,-8.032999999999999829e+01
1.209406000000000000e+09,-7.815999999999999659e+01
1.210732500000000000e+09,-7.982999999999999829e+01
1.212059000000000000e+09,-7.865999999999999659e+01
1.213385500000000000e+09,-7.932999999999999829e+01
1.214712000000000000e+09,-7.832999999999999829e+01
1.216038500000000000e+09,-8.050000000000000000e+01
1.217365000000000000e+09,-7.800000000000000000e+01
1.218691500000000000e+09,-7.750000000000000000e+01
1.220018000000000000e+09,-7.900000000000000000e+01
1.221344500000000000e+09,-7.900000000000000000e+01
1.222671000000000000e+09,-7.832999999999999829e+01
1.223997500000000000e+09,-7.915999999999999659e+01
1.225324000000000000e+09,-8.000000000000000000e+01
1.226650500000000000e+09,-8.015999999999999659e+01
1.227977000000000000e+09,-7.900000000000000000e+01
1.229303500000000000e+09,-7.850000000000000000e+01
1.230630000000000000e+09,-7.832999999999999829e+01
1.231956500000000000e+09,-7.865999999999999659e+01
1.233283000000000000e+09,-7.915999999999999659e+01
1.234609500000000000e+09,-7.832999999999999829e+01
1.235936000000000000e+09,-7.900000000000000000e+01
1.237262500000000000e+09,-7.732999999999999829e+01
1.238589000000000000e+09,-7.932999999999999829e+01
1.239915500000000000e+09,-7.865999999999999659e+01
1.241242000000000000e+09,-7.982999999999999829e+01
1.242568500000000000e+09,-7.615999999999999659e+01
1.243895000000000000e+09,-7.982999999999999829e+01
1.245221500000000000e+09,-7.982999999999999829e+01
1.246548000000000000e+09,-7.882999999999999829e+01
1.247874500000000000e+09,-7.915999999999999659e+01
1.249201000000000000e+09,-8.015999999999999659e+01
1.250527500000000000e+09,-7.750000000000000000e+01
1.251854000000000000e+09,-7.865999999999999659e+01
1.253180500000000000e+09,-7.865999999999999659e+01
1.254507000000000000e+09,-7.915999999999999659e+01
1.255833500000000000e+09,-7.815999999999999659e+01
1.257160000000000000e+09,-8.000000000000000000e+01
1.258486500000000000e+09,-7.782999999999999829e+01
1.259813000000000000e+09,-7.950000000000000000e+01
1.261139500000000000e+09,-7.882999999999999829e+01
1.262466000000000000e+09,-7.932999999999999829e+01
1.263792500000000000e+09,-7.750000000000000000e+01
1.265119000000000000e+09,-7.982999999999999829e+01
1.266445500000000000e+09,-7.915999999999999659e+01
1.267772000000000000e+09,-8.065999999999999659e+01
1.269098500000000000e+09,-7.865999999999999659e+01
1.270425000000000000e+09,-7.800000000000000000e+01
1.271751500000000000e+09,-7.815999999999999659e+01
1.273078000000000000e+09,-7.732999999999999829e+01
1.274404500000000000e+09,-7.800000000000000000e+01
1.275731000000000000e+09,-7.865999999999999659e+01
1.277057500000000000e+09,-7.882999999999999829e+01
1.278384000000000000e+09,-7.900000000000000000e+01
1.279710500000000000e+09,-7.800000000000000000e+01
1.281037000000000000e+09,-7.915999999999999659e+01
1.282363500000000000e+09,-7.832999999999999829e+01
1.283690000000000000e+09,-7.900000000000000000e+01
1.285016500000000000e+09,-7.800000000000000000e+01
1.286343000000000000e+09,-8.050000000000000000e+01
1.287669500000000000e+09,-7.815999999999999659e+01
1.288996000000000000e+09,-7.815999999999999659e+01
1.290322500000000000e+09,-7.982999999999999829e+01
1.291649000000000000e+09,-7.900000000000000000e+01
1.292975500000000000e+09,-7.900000000000000000e+01
1.294302000000000000e+09,-7.865999999999999659e+01
1.295628500000000000e+09,-8.100000000000000000e+01
1.296955000000000000e+09,-8.082999999999999829e+01
1.298281500000000000e+09,-7.850000000000000000e+01
1.299608000000000000e+09,-7.850000000000000000e+01
1.300934500000000000e+09,-7.882999999999999829e+01
1.302261000000000000e+09,-7.865999999999999659e+01
1.303587500000000000e+09,-7.850000000000000000e+01
1.304914000000000000e+09,-7.715999999999999659e+01
1.306240500000000000e+09,-7.965999999999999659e+01
1.307567000000000000e+09,-8.050000000000000000e+01
1.308893500000000000e+09,-8.000000000000000000e+01
1.310220000000000000e+09,-7.882999999999999829e+01
1.311546500000000000e+09,-7.632999999999999829e+01
1.312873000000000000e+09,-7.832999999999999829e+01
1.314199500000000000e+09,-7.815999999999999659e+01
1.315526000000000000e+09,-7.665999999999999659e+01
1.316852500000000000e+09,-7.965999999999999659e+01
1.318179000000000000e+09,-7.850000000000000000e+01
1.319505500000000000e+09,-7.965999999999999659e+01
1.320832000000000000e+09,-7.915999999999999659e+01
1.322158500000000000e+09,-7.900000000000000000e+01
1.323485000000000000e+09,-7.815999999999999659e+01
1.324811500000000000e+09,-7.882999999999999829e+01
1.326138000000000000e+09,-7.765999999999999659e+01
1.327464500000000000e+09,-7.915999999999999659e+01
1.328791000000000000e+09,-7.865999999999999659e+01
1.330117500000000000e+09,-7.782999999999999829e+01
1.331444000000000000e+09,-7.965999999999999659e+01
1.332770500000000000e+09,-7.915999999999999659e+01
1.334097000000000000e+09,-7.850000000000000000e+01
1.335423500000000000e+09,-7.782999999999999829e+01
1.336750000000000000e+09,-7.965999999999999659e+01
1.338076500000000000e+09,-7.915999999999999659e+01
1.339403000000000000e+09,-7.915999999999999659e+01
1.340729500000000000e+09,-7.800000000000000000e+01
1.342056000000000000e+09,-7.815999999999999659e+01
1.343382500000000000e+09,-7.850000000000000000e+01
1.344709000000000000e+09,-7.915999999999999659e+01
1.346035500000000000e+09,-7.950000000000000000e+01
1.347362000000000000e+09,-8.015999999999999659e+01
1.348688500000000000e+09,-7.832999999999999829e+01
1.350015000000000000e+09,-7.982999999999999829e+01
1.351341500000000000e+09,-7.932999999999999829e+01
1.352668000000000000e+09,-7.750000000000000000e+01
1.353994500000000000e+09,-7.732999999999999829e+01
1.355321000000000000e+09,-7.832999999999999829e+01
1.356647500000000000e+09,-7.765999999999999659e+01
1.357974000000000000e+09,-7.915999999999999659e+01
1.359300500000000000e+09,-7.882999999999999829e+01
1.360627000000000000e+09,-7.915999999999999659e+01
1.361953500000000000e+09,-7.915999999999999659e+01
1.363280000000000000e+09,-7.965999999999999659e+01
1.364606500000000000e+09,-8.082999999999999829e+01
1.365933000000000000e+09,-7.950000000000000000e+01
1.367259500000000000e+09,-7.900000000000000000e+01
1.368586000000000000e+09,-7.900000000000000000e+01
1.369912500000000000e+09,-7.865999999999999659e+01
1.371239000000000000e+09,-7.682999999999999829e+01
1.372565500000000000e+09,-7.615999999999999659e+01
1.373892000000000000e+09,-7.900000000000000000e+01
1.375218500000000000e+09,-7.915999999999999659e+01
1.376545000000000000e+09,-7.915999999999999659e+01
1.377871500000000000e+09,-7.900000000000000000e+01
1.379198000000000000e+09,-7.832999999999999829e+01
1.380524500000000000e+09,-7.832999999999999829e+01
1.381851000000000000e+09,-7.732999999999999829e+01
1.383177500000000000e+09,-7.715999999999999659e+01
1.384504000000000000e+09,-7.832999999999999829e+01
1.385830500000000000e+09,-8.032999999999999829e+01
1.387157000000000000e+09,-7.750000000000000000e+01
1.388483500000000000e+09,-7.832999999999999829e+01
1.389810000000000000e+09,-7.932999999999999829e+01
1.391136500000000000e+09,-8.000000000000000000e+01
1.392463000000000000e+09,-7.865999999999999659e+01
1.393789500000000000e+09,-8.000000000000000000e+01
1.395116000000000000e+09,-7.882999999999999829e+01
1.396442500000000000e+09,-7.800000000000000000e+01
1.397769000000000000e+09,-8.082999999999999829e+01
1.399095500000000000e+09,-7.715999999999999659e+01
1.400422000000000000e+09,-7.800000000000000000e+01
1.401748500000000000e+09,-7.982999999999999829e+01
1.403075000000000000e+09,-7.932999999999999829e+01
1.404401500000000000e+09,-7.950000000000000000e+01
1.405728000000000000e+09,-7.865999999999999659e+01
1.407054500000000000e+09,-7.850000000000000000e+01
1.408381000000000000e+09,-7.782999999999999829e+01
1.409707500000000000e+09,-7.850000000000000000e+01
1.411034000000000000e+09,-7.965999999999999659e+01
1.412360500000000000e+09,-8.015999999999999659e+01
1.413687000000000000e+09,-7.850000000000000000e+01
1.415013500000000000e+09,-7.882999999999999829e+01
1.416340000000000000e+09,-7.932999999999999829e+01
1.417666500000000000e+09,-7.865999999999999659e+01
1.418993000000000000e+09,-7.915999999999999659e+01
1.420319500000000000e+09,-7.982999999999999829e+01
1.421646000000000000e+09,-7.832999999999999829e+01
1.422972500000000000e+09,-7.800000000000000000e+01
1.424299000000000000e+09,-7.800000000000000000e+01
1.425625500000000000e+09,-7.882999999999999829e+01
1.426952000000000000e+09,-7.682999999999999829e+01
1.428278500000000000e+09,-7.800000000000000000e+01
1.429605000000000000e+09,-7.915999999999999659e+01
1.430931500000000000e+09,-7.715999999999999659e+01
1.432258000000000000e+09,-7.915999999999999659e+01
1.433584500000000000e+09,-7.850000000000000000e+01
1.434911000000000000e+09,-7.665999999999999659e+01
1.436237500000000000e+09,-7.950000000000000000e+01
1.437564000000000000e+09,-8.000000000000000000e+01
1.438890500000000000e+09,-7.900000000000000000e+01
1.440217000000000000e+09,-7.850000000000000000e+01
1.441543500000000000e+09,-7.965999999999999659e+01
1.442870000000000000e+09,-7.715999999999999659e+01
1.444196500000000000e+09,-8.000000000000000000e+01
1.445523000000000000e+09,-7.900000000000000000e+01
1.446849500000000000e+09,-7.932999999999999829e+01
1.448176000000000000e+09,-7.832999999999999829e+01
1.449502500000000000e+09,-8.015999999999999659e+01
1.450829000000000000e+09,-8.032999999999999829e+01
1.452155500000000000e+09,-7.932999999999999829e+01
1.453482000000000000e+09,-7.882999999999999829e+01
1.454808500000000000e+09,-7.750000000000000000e+01
1.456135000000000000e+09,-7.882999999999999829e+01
1.457461500000000000e+09,-7.900000000000000000e+01
1.458788000000000000e+09,-7.800000000000000000e+01
1.460114500000000000e+09,-7.882999999999999829e+01
1.461441000000000000e+09,-7.915999999999999659e+01
1.462767500000000000e+09,-7.965999999999999659e+01
1.464094000000000000e+09,-8.050000000000000000e+01
1.465420500000000000e+09,-7.850000000000000000e+01
1.466747000000000000e+09,-7.932999999999999829e+01
1.468073500000000000e+09,-7.850000000000000000e+01
1.469400000000000000e+09,-7.882999999999999829e+01
1.470726500000000000e+09,-7.865999999999999659e+01
1.472053000000000000e+09,-7.865999999999999659e+01
1.473379500000000000e+09,-7.950000000000000000e+01
1.474706000000000000e+09,-7.882999999999999829e+01
1.476032500000000000e+09,-8.000000000000000000e+01
1.477359000000000000e+09,-7.865999999999999659e+01
1.478685500000000000e+09,-7.950000000000000000e+01
1.480012000000000000e+09,-7.915999999999999659e+01
1.481338500000000000e+09,-7.900000000000000000e+01
1.482665000000000000e+09,-7.932999999999999829e+01
1.483991500000000000e+09,-8.065999999999999659e+01
1.485318000000000000e+09,-7.850000000000000000e+01
1.486644500000000000e+09,-7.965999999999999659e+01
1.487971000000000000e+09,-7.900000000000000000e+01
1.489297500000000000e+09,-7.865999999999999659e+01
1.490624000000000000e+09,-7.900000000000000000e+01
1.491950500000000000e+09,-7.750000000000000000e+01
1.493277000000000000e+09,-7.815999999999999659e+01
1.494603500000000000e+09,-7.982999999999999829e+01
1.495930000000000000e+09,-7.832999999999999829e+01
1.497256500000000000e+09,-7.832999999999999829e+01
1.498583000000000000e+09,-7.850000000000000000e+01
1.499909500000000000e+09,-7.832999999999999829e+01
1.501236000000000000e+09,-7.900000000000000000e+01
1.502562500000000000e+09,-7.865999999999999659e+01
1.503889000000000000e+09,-7.950000000000000000e+01
1.505215500000000000e+09,-7.600000000000000000e+01
1.506542000000000000e+09,-7.965999999999999659e+01
1.507868500000000000e+09,-7.915999999999999659e+01
1.509195000000000000e+09,-7.932999999999999829e+01
1.510521500000000000e+09,-7.965999999999999659e+01
1.511848000000000000e+09,-7.900000000000000000e+01
1.513174500000000000e+09,-7.715999999999999659e+01
1.514501000000000000e+09,-7.865999999999999659e+01
1.515827500000000000e+09,-7.665999999999999659e+01
1.517154000000000000e+09,-7.850000000000000000e+01
1.518480500000000000e+09,-7.832999999999999829e+01
1.519807000000000000e+09,-7.965999999999999659e+01
1.521133500000000000e+09,-7.915999999999999659e+01
1.522460000000000000e+09,-7.915999999999999659e+01
1.523786500000000000e+09,-7.782999999999999829e+01
1.525113000000000000e+09,-7.882999999999999829e+01
1.526439500000000000e+09,-7.965999999999999659e+01
1.527766000000000000e+09,-7.900000000000000000e+01
1.529092500000000000e+09,-7.665999999999999659e+01
1.530419000000000000e+09,-7.900000000000000000e+01
1.531745500000000000e+09,-7.600000000000000000e+01
1.533072000000000000e+09,-7.882999999999999829e+01
1.534398500000000000e+09,-7.915999999999999659e+01
1.535725000000000000e+09,-7.865999999999999659e+01
1.537051500000000000e+09,-7.915999999999999659e+01
1.538378000000000000e+09,-7.915999999999999659e+01
1.539704500000000000e+09,-7.915999999999999659e+01
1.541031000000000000e+09,-8.050000000000000000e+01
1.542357500000000000e+09,-7.965999999999999659e+01
1.543684000000000000e+09,-7.965999999999999659e+01
1.545010500000000000e+09,-7.900000000000000000e+01
1.546337000000000000e+09,-7.965999999999999659e+01
1.547663500000000000e+09,-8.000000000000000000e+01
1.548990000000000000e+09,-7.982999999999999829e+01
1.550316500000000000e+09,-7.982999999999999829e+01
1.551643000000000000e+09,-7.832999999999999829e+01
1.552969500000000000e+09,-7.982999999999999829e+01
1.554296000000000000e+09,-7.782999999999999829e+01
1.555622500000000000e+09,-8.000000000000000000e+01
1.556949000000000000e+09,-7.982999999999999829e+01
1.558275500000000000e+09,-7.950000000000000000e+01
1.559602000000000000e+09,-7.850000000000000000e+01
1.560928500000000000e+09,-7.865999999999999659e+01
1.562255000000000000e+09,-8.000000000000000000e+01
1.563581500000000000e+09,-7.850000000000000000e+01
1.564908000000000000e+09,-7.850000000000000000e+01
1.566234500000000000e+09,-7.865999999999999659e+01
1.567561000000000000e+09,-7.850000000000000000e+01
1.568887500000000000e+09,-7.882999999999999829e+01
1.570214000000000000e+09,-7.815999999999999659e+01
1.571540500000000000e+09,-7.932999999999999829e+01
1.572867000000000000e+09,-7.632999999999999829e+01
1.574193500000000000e+09,-7.832999999999999829e+01
1.575520000000000000e+09,-7.850000000000000000e+01
1.576846500000000000e+09,-8.065999999999999659e+01
1.578173000000000000e+09,-7.950000000000000000e+01
1.579499500000000000e+09,-8.050000000000000000e+01
1.580826000000000000e+09,-7.815999999999999659e+01
1.582152500000000000e+09,-7.800000000000000000e+01
1.583479000000000000e+09,-7.715999999999999659e+01
1.584805500000000000e+09,-7.800000000000000000e+01
1.586132000000000000e+09,-7.800000000000000000e+01
1.587458500000000000e+09,-7.932999999999999829e+01
1.588785000000000000e+09,-7.832999999999999829e+01
1.590111500000000000e+09,-8.000000000000000000e+01
1.591438000000000000e+09,-7.650000000000000000e+01
1.592764500000000000e+09,-7.915999999999999659e+01
1.594091000000000000e+09,-7.950000000000000000e+01
1.595417500000000000e+09,-7.950000000000000000e+01
1.596744000000000000e+09,-7.815999999999999659e+01
1.598070500000000000e+09,-7.765999999999999659e+01
1.599397000000000000e+09,-7.865999999999999659e+01
1.600723500000000000e+09,-8.050000000000000000e+01
1.602050000000000000e+09,-8.000000000000000000e+01
1.603376500000000000e+09,-8.065999999999999659e+01
1.604703000000000000e+09,-7.865999999999999659e+01
1.606029500000000000e+09,-7.832999999999999829e+01
1.607356000000000000e+09,-7.965999999999999659e+01
1.608682500000000000e+09,-7.782999999999999829e+01
1.610009000000000000e+09,-7.950000000000000000e+01
1.611335500000000000e+09,-7.815999999999999659e+01
1.612662000000000000e+09,-7.782999999999999829e+01
1.613988500000000000e+09,-7.782999999999999829e+01
1.615315000000000000e+09,-7.900000000000000000e+01
1.616641500000000000e+09,-7.632999999999999829e+01
1.617968000000000000e+09,-7.965999999999999659e+01
1.619294500000000000e+09,-7.832999999999999829e+01
1.620621000000000000e+09,-7.750000000000000000e+01
1.621947500000000000e+09,-7.950000000000000000e+01
1.623274000000000000e+09,-7.965999999999999659e+01
1.624600500000000000e+09,-7.715999999999999659e+01
1.625927000000000000e+09,-8.050000000000000000e+01
1.627253500000000000e+09,-7.932999999999999829e+01
1.628580000000000000e+09,-7.950000000000000000e+01
1.629906500000000000e+09,-7.800000000000000000e+01
1.631233000000000000e+09,-7.815999999999999659e+01
1.632559500000000000e+09,-7.915999999999999659e+01
1.633886000000000000e+09,-7.782999999999999829e+01
1.635212500000000000e+09,-7.850000000000000000e+01
1.636539000000000000e+09,-7.832999999999999829e+01
1.637865500000000000e+09,-7.882999999999999829e+01
1.639192000000000000e+09,-7.915999999999999659e+01
1.640518500000000000e+09,-7.865999999999999659e+01
1.641845000000000000e+09,-7.882999999999999829e+01
1.643171500000000000e+09,-7.850000000000000000e+01
1.644498000000000000e+09,-7.900000000000000000e+01
1.645824500000000000e+09,-7.832999999999999829e+01
1.647151000000000000e+09,-8.000000000000000000e+01
1.648477500000000000e+09,-7.950000000000000000e+01
1.649804000000000000e+09,-7.882999999999999829e+01
1.651130500000000000e+09,-7.765999999999999659e+01
1.652457000000000000e+09,-7.982999999999999829e+01
1.653783500000000000e+09,-7.800000000000000000e+01
1.655110000000000000e+09,-7.815999999999999659e+01
1.656436500000000000e+09,-7.782999999999999829e+01
1.657763000000000000e+09,-7.850000000000000000e+01
1.659089500000000000e+09,-8.015999999999999659e+01
1.660416000000000000e+09,-7.865999999999999659e+01
1.661742500000000000e+09,-7.832999999999999829e+01
1.663069000000000000e+09,-7.865999999999999659e+01
1.664395500000000000e+09,-8.015999999999999659e+01
1.665722000000000000e+09,-8.065999999999999659e+01
1.667048500000000000e+09,-7.982999999999999829e+01
1.668375000000000000e+09,-7.932999999999999829e+01
1.669701500000000000e+09,-7.782999999999999829e+01
1.671028000000000000e+09,-7.850000000000000000e+01
1.672354500000000000e+09,-7.965999999999999659e+01
1.673681000000000000e+09,-7.882999999999999829e+01
1.675007500000000000e+09,-7.865999999999999659e+01
1.676334000000000000e+09,-7.832999999999999829e+01
1.677660500000000000e+09,-7.800000000000000000e+01
1.678987000000000000e+09,-7.782999999999999829e+01
1.680313500000000000e+09,-7.850000000000000000e+01
1.681640000000000000e+09,-7.850000000000000000e+01
1.682966500000000000e+09,-7.932999999999999829e+01
1.684293000000000000e+09,-7.965999999999999659e+01
1.685619500000000000e+09,-7.882999999999999829e+01
1.686946000000000000e+09,-7.832999999999999829e+01
1.688272500000000000e+09,-7.732999999999999829e+01
1.689599000000000000e+09,-7.815999999999999659e+01
1.690925500000000000e+09,-7.965999999999999659e+01
1.692252000000000000e+09,-7.950000000000000000e+01
1.693578500000000000e+09,-7.900000000000000000e+01
1.694905000000000000e+09,-7.782999999999999829e+01
1.696231500000000000e+09,-8.000000000000000000e+01
1.697558000000000000e+09,-7.865999999999999659e+01
1.698884500000000000e+09,-7.950000000000000000e+01
1.700211000000000000e+09,-7.815999999999999659e+01
1.701537500000000000e+09,-7.732999999999999829e+01
1.702864000000000000e+09,-7.850000000000000000e+01
1.704190500000000000e+09,-7.832999999999999829e+01
1.705517000000000000e+09,-7.650000000000000000e+01
1.706843500000000000e+09,-7.782999999999999829e+01
1.708170000000000000e+09,-7.865999999999999659e+01
1.709496500000000000e+09,-7.965999999999999659e+01
1.710823000000000000e+09,-7.850000000000000000e+01
1.712149500000000000e+09,-7.750000000000000000e+01
1.713476000000000000e+09,-7.865999999999999659e+01
1.714802500000000000e+09,-7.882999999999999829e+01
1.716129000000000000e+09,-7.815999999999999659e+01
1.717455500000000000e+09,-7.765999999999999659e+01
1.718782000000000000e+09,-7.732999999999999829e+01
1.720108500000000000e+09,-7.800000000000000000e+01
1.721435000000000000e+09,-7.950000000000000000e+01
1.722761500000000000e+09,-7.832999999999999829e+01
1.724088000000000000e+09,-8.032999999999999829e+01
1.725414500000000000e+09,-7.865999999999999659e+01
1.726741000000000000e+09,-7.865999999999999659e+01
1.728067500000000000e+09,-7.950000000000000000e+01
1.729394000000000000e+09,-7.765999999999999659e+01
1.730720500000000000e+09,-7.732999999999999829e+01
1.732047000000000000e+09,-7.800000000000000000e+01
1.733373500000000000e+09,-7.765999999999999659e+01
1.734700000000000000e+09,-7.332999999999999829e+01
1.736026500000000000e+09,-7.000000000000000000e+01
1.737353000000000000e+09,-7.250000000000000000e+01
1.738679500000000000e+09,-7.615999999999999659e+01
1.740006000000000000e+09,-7.765999999999999659e+01
1.741332500000000000e+09,-7.882999999999999829e+01
1.742659000000000000e+09,-7.900000000000000000e+01
1.743985500000000000e+09,-7.700000000000000000e+01
1.745312000000000000e+09,-7.765999999999999659e+01
1.746638500000000000e+09,-7.700000000000000000e+01
1.747965000000000000e+09,-7.932999999999999829e+01
1.749291500000000000e+09,-7.832999999999999829e+01
1.750618000000000000e+09,-7.882999999999999829e+01
1.751944500000000000e+09,-7.932999999999999829e+01
1.753271000000000000e+09,-7.900000000000000000e+01
1.754597500000000000e+09,-7.850000000000000000e+01
1.755924000000000000e+09,-7.850000000000000000e+01
1.757250500000000000e+09,-7.900000000000000000e+01
1.758577000000000000e+09,-7.900000000000000000e+01
1.759903500000000000e+09,-7.832999999999999829e+01
1.761230000000000000e+09,-7.915999999999999659e+01
1.762556500000000000e+09,-7.782999999999999829e+01
1.763883000000000000e+09,-7.750000000000000000e+01
1.765209500000000000e+09,-7.715999999999999659e+01
1.766536000000000000e+09,-7.950000000000000000e+01
1.767862500000000000e+09,-7.965999999999999659e+01
1.769189000000000000e+09,-7.882999999999999829e+01
1.770515500000000000e+09,-7.832999999999999829e+01
1.771842000000000000e+09,-8.100000000000000000e+01
1.773168500000000000e+09,-7.900000000000000000e+01
1.774495000000000000e+09,-7.950000000000000000e+01
1.775821500000000000e+09,-7.782999999999999829e+01
1.777148000000000000e+09,-7.850000000000000000e+01
1.778474500000000000e+09,-7.932999999999999829e+01
1.779801000000000000e+09,-8.000000000000000000e+01
1.781127500000000000e+09,-7.865999999999999659e+01
1.782454000000000000e+09,-7.915999999999999659e+01
1.783780500000000000e+09,-7.750000000000000000e+01
1.785107000000000000e+09,-7.850000000000000000e+01
1.786433500000000000e+09,-8.000000000000000000e+01
1.787760000000000000e+09,-7.700000000000000000e+01
1.789086500000000000e+09,-7.665999999999999659e+01
1.790413000000000000e+09,-7.550000000000000000e+01
1.791739500000000000e+09,-7.850000000000000000e+01
1.793066000000000000e+09,-7.782999999999999829e+01
1.794392500000000000e+09,-7.815999999999999659e+01
1.795719000000000000e+09,-7.932999999999999829e+01
1.797045500000000000e+09,-7.965999999999999659e+01
1.798372000000000000e+09,-7.965999999999999659e+01
1.799698500000000000e+09,-7.882999999999999829e+01
1.801025000000000000e+09,-8.082999999999999829e+01
1.802351500000000000e+09,-7.800000000000000000e+01
1.803678000000000000e+09,-7.832999999999999829e+01
1.805004500000000000e+09,-7.782999999999999829e+01
1.806331000000000000e+09,-7.815999999999999659e+01
1.807657500000000000e+09,-7.782999999999999829e+01
1.808984000000000000e+09,-7.932999999999999829e+01
1.810310500000000000e+09,-7.815999999999999659e+01
1.811637000000000000e+09,-7.850000000000000000e+01
1.812963500000000000e+09,-7.815999999999999659e+01
1.814290000000000000e+09,-7.832999999999999829e+01
1.815616500000000000e+09,-7.915999999999999659e+01
1.816943000000000000e+09,-7.800000000000000000e+01
1.818269500000000000e+09,-7.800000000000000000e+01
1.819596000000000000e+09,-7.650000000000000000e+01
1.820922500000000000e+09,-7.000000000000000000e+01
1.822249000000000000e+09,-6.532999999999999829e+01
1.823575500000000000e+09,-7.115999999999999659e+01
1.824902000000000000e+09,-6.332999999999999829e+01
1.826228500000000000e+09,-6.432999999999999829e+01
1.827555000000000000e+09,-7.165999999999999659e+01
1.828881500000000000e+09,-7.300000000000000000e+01
1.830208000000000000e+09,-6.865999999999999659e+01
1.831534500000000000e+09,-6.100000000000000000e+01
1.832861000000000000e+09,-5.682999999999999829e+01
1.834187500000000000e+09,-5.665999999999999659e+01
1.835514000000000000e+09,-5.882999999999999829e+01
1.836840500000000000e+09,-5.982999999999999829e+01
1.838167000000000000e+09,-6.165999999999999659e+01
1.839493500000000000e+09,-5.600000000000000000e+01
1.840820000000000000e+09,-5.382999999999999829e+01
1.842146500000000000e+09,-5.665999999999999659e+01
1.843473000000000000e+09,-6.282999999999999829e+01
1.844799500000000000e+09,-6.132999999999999829e+01
1.846126000000000000e+09,-6.365999999999999659e+01
1.847452500000000000e+09,-6.832999999999999829e+01
1.848779000000000000e+09,-6.600000000000000000e+01
1.850105500000000000e+09,-6.350000000000000000e+01
1.851432000000000000e+09,-6.315999999999999659e+01
1.852758500000000000e+09,-6.532999999999999829e+01
1.854085000000000000e+09,-7.250000000000000000e+01
1.855411500000000000e+09,-7.215999999999999659e+01
1.856738000000000000e+09,-7.215999999999999659e+01
1.858064500000000000e+09,-6.800000000000000000e+01
1.859391000000000000e+09,-6.682999999999999829e+01
1.860717500000000000e+09,-6.582999999999999829e+01
1.862044000000000000e+09,-6.315999999999999659e+01
1.863370500000000000e+09,-6.265999999999999659e+01
1.864697000000000000e+09,-6.565999999999999659e+01
1.866023500000000000e+09,-6.382999999999999829e+01
1.867350000000000000e+09,-6.682999999999999829e+01
1.868676500000000000e+09,-7.400000000000000000e+01
1.870003000000000000e+09,-7.465999999999999659e+01
1.871329500000000000e+09,-7.815999999999999659e+01
1.872656000000000000e+09,-7.982999999999999829e+01
1.873982500000000000e+09,-7.915999999999999659e+01
1.875309000000000000e+09,-7.915999999999999659e+01
1.876635500000000000e+09,-7.865999999999999659e+01
1.877962000000000000e+09,-7.800000000000000000e+01
1.879288500000000000e+09,-7.832999999999999829e+01
1.880615000000000000e+09,-8.032999999999999829e+01
1.881941500000000000e+09,-7.882999999999999829e+01
1.883268000000000000e+09,-7.982999999999999829e+01
1.884594500000000000e+09,-7.965999999999999659e+01
1.885921000000000000e+09,-7.900000000000000000e+01
1.887247500000000000e+09,-7.882999999999999829e+01
1.888574000000000000e+09,-7.900000000000000000e+01
1.889900500000000000e+09,-7.882999999999999829e+01
1.891227000000000000e+09,-8.015999999999999659e+01
1.892553500000000000e+09,-7.915999999999999659e+01
1.893880000000000000e+09,-7.815999999999999659e+01
1.895206500000000000e+09,-7.900000000000000000e+01
1.896533000000000000e+09,-7.715999999999999659e+01
1.897859500000000000e+09,-7.865999999999999659e+01
1.899186000000000000e+09,-7.815999999999999659e+01
1.900512500000000000e+09,-7.865999999999999659e+01
1.901839000000000000e+09,-7.782999999999999829e+01
1.903165500000000000e+09,-7.865999999999999659e+01
1.904492000000000000e+09,-7.915999999999999659e+01
1.905818500000000000e+09,-7.765999999999999659e+01
1.907145000000000000e+09,-7.982999999999999829e+01
1.908471500000000000e+09,-7.915999999999999659e+01
1.909798000000000000e+09,-8.015999999999999659e+01
1.911124500000000000e+09,-7.750000000000000000e+01
1.912451000000000000e+09,-7.765999999999999659e+01
1.913777500000000000e+09,-7.782999999999999829e+01
1.915104000000000000e+09,-7.882999999999999829e+01
1.916430500000000000e+09,-7.850000000000000000e+01
1.917757000000000000e+09,-7.965999999999999659e+01
1.919083500000000000e+09,-7.850000000000000000e+01
1.920410000000000000e+09,-7.850000000000000000e+01
1.921736500000000000e+09,-7.950000000000000000e+01
1.923063000000000000e+09,-7.832999999999999829e+01
1.924389500000000000e+09,-7.815999999999999659e+01
1.925716000000000000e+09,-7.782999999999999829e+01
1.927042500000000000e+09,-7.800000000000000000e+01
1.928369000000000000e+09,-7.932999999999999829e+01
1.929695500000000000e+09,-7.850000000000000000e+01
1.931022000000000000e+09,-7.800000000000000000e+01
1.932348500000000000e+09,-7.882999999999999829e+01
1.933675000000000000e+09,-7.882999999999999829e+01
1.935001500000000000e+09,-7.865999999999999659e+01
1.936328000000000000e+09,-7.850000000000000000e+01
1.937654500000000000e+09,-7.865999999999999659e+01
1.938981000000000000e+09,-7.665999999999999659e+01
1.940307500000000000e+09,-7.400000000000000000e+01
1.941634000000000000e+09,-7.750000000000000000e+01
1.942960500000000000e+09,-7.982999999999999829e+01
1.944287000000000000e+09,-7.882999999999999829e+01
1.945613500000000000e+09,-7.850000000000000000e+01
1.946940000000000000e+09,-7.800000000000000000e+01
1.948266500000000000e+09,-7.865999999999999659e+01
1.949593000000000000e+09,-7.682999999999999829e+01
1.950919500000000000e+09,-7.815999999999999659e+01
1.952246000000000000e+09,-7.982999999999999829e+01
1.953572500000000000e+09,-7.732999999999999829e+01
1.954899000000000000e+09,-7.965999999999999659e+01
1.956225500000000000e+09,-7.850000000000000000e+01
1.957552000000000000e+09,-7.882999999999999829e+01
1.958878500000000000e+09,-7.965999999999999659e+01
1.960205000000000000e+09,-7.915999999999999659e+01
1.961531500000000000e+09,-7.900000000000000000e+01
1.962858000000000000e+09,-7.715999999999999659e+01
1.964184500000000000e+09,-7.782999999999999829e+01
1.965511000000000000e+09,-7.900000000000000000e+01
1.966837500000000000e+09,-7.950000000000000000e+01
1.968164000000000000e+09,-7.915999999999999659e+01
1.969490500000000000e+09,-7.765999999999999659e+01
1.970817000000000000e+09,-7.882999999999999829e+01
1.972143500000000000e+09,-7.650000000000000000e+01
1.973470000000000000e+09,-7.865999999999999659e+01
1.974796500000000000e+09,-7.882999999999999829e+01
1.976123000000000000e+09,-7.865999999999999659e+01
1.977449500000000000e+09,-7.900000000000000000e+01
1.978776000000000000e+09,-7.932999999999999829e+01
1.980102500000000000e+09,-7.915999999999999659e+01
1.981429000000000000e+09,-7.815999999999999659e+01
1.982755500000000000e+09,-7.915999999999999659e+01
1.984082000000000000e+09,-7.850000000000000000e+01
1.985408500000000000e+09,-7.865999999999999659e+01
1.986735000000000000e+09,-7.800000000000000000e+01
1.988061500000000000e+09,-7.932999999999999829e+01
1.989388000000000000e+09,-7.782999999999999829e+01
1.990714500000000000e+09,-7.932999999999999829e+01
1.992041000000000000e+09,-7.800000000000000000e+01
1.993367500000000000e+09,-7.682999999999999829e+01
1.994694000000000000e+09,-7.650000000000000000e+01
1.996020500000000000e+09,-7.982999999999999829e+01
1.997347000000000000e+09,-7.715999999999999659e+01
1.998673500000000000e+09,-7.700000000000000000e+01
2.000000000000000000e+09,-7.765999999999999659e+01

